m = 5;
g = 40;